11111110001011010001000000110111
11010111111010111101101111110000
10101100111111011010100011100000
10111000011001110000101010111110
00111101010111000110100110011001

00111101010111000110100110011001
11010111111010111101101111110000
10101100111111011010100011100000
10111000011001110000101010111110
11111110001011010001000000110111

00111101010111000110100110011001
11111110001011010001000000110111
10101100111111011010100011100000
10111000011001110000101010111110
11010111111010111101101111110000

00111101010111000110100110011001
11111110001011010001000000110111
11010111111010111101101111110000
10111000011001110000101010111110
10101100111111011010100011100000

00111101010111000110100110011001
11111110001011010001000000110111
11010111111010111101101111110000
10101100111111011010100011100000
10111000011001110000101010111110

